0,511
0,510
0,509
0,508
63,4
63,3
63,2
0,507
63,1
63,0
0,506
0,505
62,5
62,4
62,3
62,2
0,504
62,1
62,0
0,503
0,502
61,5
61,4
61,3
61,2
0,501
61,1
61,0
0,500
60,4
60,3
60,2
0,499
60,1
60,0
59,4
59,3
59,2
59,1
59,0
58,3
58,2
58,1
58,0
0,498
57,3
57,2
57,1
57,0
56,3
56,2
56,1
56,0
0,497
0,496
0,495
0,494
0,493
0,492
0,491
0,490
0,489
55,3
55,2
55,1
55,0
54,4
54,3
54,2
54,1
54,0
53,5
53,4
53,3
53,2
53,1
53,0
52,5
52,4
52,3
52,2
52,1
52,0
51,5
51,4
51,3
51,2
51,1
51,0
50,5
50,4
50,3
50,2
50,1
50,0
49,5
49,4
49,3
49,2
49,1
49,0
0,488
0,487
48,3
48,2
0,486
48,1
48,0
0,485
0,484
0,483
0,482
0,481
47,3
47,2
47,1
47,0
0,480
0,479
0,478
0,477
0,476
46,3
46,2
46,1
46,0
0,475
0,474
0,473
0,472
0,471
0,470
45,3
45,2
0,469
45,1
45,0
0,468
0,467
0,466
0,465
0,464
0,463
44,3
44,2
0,462
44,1
44,0
0,461
0,460
